[gd_scene load_steps=19 format=3 uid="uid://0dxny8jexjm8"]

[ext_resource type="PackedScene" uid="uid://menstlsmwd6q" path="res://scenes/skyboxes/sky_space_01.tscn" id="1_um6pw"]
[ext_resource type="CompressedTexture3D" uid="uid://b5xgvubwlkwvv" path="res://addons/AmplifyColor/LUT/Base/Cold_L.png" id="2_hbfp3"]
[ext_resource type="PackedScene" uid="uid://bo21l0t6adjfk" path="res://Assets/_Game/Content/Levels/Bowling/_Props/Ball Return Feature.prefab.scn" id="2_pqaur"]
[ext_resource type="PackedScene" uid="uid://dxqe8rvug2dvm" path="res://Assets/_Game/Content/Levels/Bowling/_Props/Bowling Pin Ring.prefab.scn" id="3_n1ptr"]
[ext_resource type="PackedScene" uid="uid://bgu30vg3jjqmh" path="res://scenes/props/general/checkpoint.tscn" id="4_adloq"]
[ext_resource type="PackedScene" uid="uid://ihwgiw2mwgsl" path="res://scenes/props/general/goal_base.tscn" id="5_pcbo2"]
[ext_resource type="PackedScene" uid="uid://ddnnsrxwsgmsd" path="res://Assets/_Game/Content/Levels/Bowling/_Props/Bowling Island 1.prefab.scn" id="6_doofy"]
[ext_resource type="PackedScene" uid="uid://dlfiu7liqjfcf" path="res://Assets/_Game/Content/Levels/Bowling/_Props/Ball Return.prefab.scn" id="8_qpk1b"]
[ext_resource type="PackedScene" uid="uid://b7h0rlcusr2yu" path="res://Assets/_Game/Content/Levels/Bowling/_Props/Bowling Island 2.prefab.scn" id="9_ey43s"]
[ext_resource type="PackedScene" uid="uid://djxlfmbea4fb1" path="res://Assets/_Game/Content/Levels/Bowling/_Props/Bowling Ball (Spinning).prefab.scn" id="13_drhmw"]
[ext_resource type="PackedScene" uid="uid://mf8ima13i3jd" path="res://Assets/_Game/Content/Levels/Bowling/_Props/Bowling Pin Red.prefab.scn" id="14_n4jqo"]
[ext_resource type="PackedScene" uid="uid://cyx04qq32mfro" path="res://Assets/_Game/Content/Levels/Bowling/_Props/Bowling Pin.prefab.scn" id="15_x8365"]
[ext_resource type="PackedScene" uid="uid://b1kpcsy5akt5t" path="res://Assets/_Game/Content/Levels/Bowling/_Props/Bowling Island 3.prefab.scn" id="16_bfwhg"]
[ext_resource type="PackedScene" uid="uid://tng8mv14ss3t" path="res://Assets/_Game/Content/Levels/Bowling/_Props/UFO.prefab.scn" id="17_l62jf"]

[sub_resource type="Environment" id="Environment_yhb0f"]
background_mode = 1
background_canvas_max_layer = -100
tonemap_exposure = 0.75
fog_enabled = true
fog_mode = 1
fog_light_color = Color(0.23294112, 0.176, 0.5176471, 1)
fog_density = 1.0
fog_sky_affect = 0.0
fog_depth_begin = 0.0
fog_depth_end = 300.0
adjustment_enabled = true
adjustment_brightness = 1.1
adjustment_contrast = 1.15
adjustment_color_correction = ExtResource("2_hbfp3")

[sub_resource type="BoxShape3D" id="BoxShape3D_lbpco"]
size = Vector3(400, 200, 1000)

[sub_resource type="SphereShape3D" id="SphereShape3D_7kc5v"]
radius = 0.50000006

[sub_resource type="SphereShape3D" id="SphereShape3D_dtv5i"]
radius = 0.50000006

[node name="RootNode3D" type="Node3D"]

[node name="sky_space_01" parent="." instance=ExtResource("1_um6pw")]

[node name="WorldEnvironment" type="WorldEnvironment" parent="."]
environment = SubResource("Environment_yhb0f")

[node name="LightmapGI" type="LightmapGI" parent="."]

[node name="Ball Return Feature" parent="." instance=ExtResource("2_pqaur")]
transform = Transform3D(-1.0352621, 0, -3.863707, 0, 4, 0, 3.863707, 0, -1.0352621, 142, 43.75, 154.25)

[node name="Bowling Pin Ring" parent="." instance=ExtResource("3_n1ptr")]
transform = Transform3D(0.9552784, -0.2560906, 0.14785403, 0, -0.5000001, -0.8660253, 0.295708, 0.8272953, -0.47763932, 148.75194, 82.027374, 131.29724)

[node name="Draw XXL Lines Manager" type="Node3D" parent="."]

[node name="Ball Return Feature (2)" parent="." instance=ExtResource("2_pqaur")]
transform = Transform3D(2.828434, 0, 2.8284202, 0, 4, 0, -2.8284202, 0, 2.828434, 153.35834, 80.25, 76.822945)

[node name="Checkpoint" parent="." instance=ExtResource("4_adloq")]
transform = Transform3D(-1, 0, -7.1525557e-07, 0, 1, 0, 7.1525557e-07, 0, -1, 166.5, 84.01436, 18)

[node name="Goal Ring" parent="." instance=ExtResource("5_pcbo2")]
transform = Transform3D(1, 0, 0, 0, 0.96592593, 0.25881857, 0, -0.25881857, 0.96592593, 166.5859, 86.01436, 7.6782217)

[node name="Bowling Island 1 (1)" parent="." instance=ExtResource("6_doofy")]
transform = Transform3D(0.86602587, 0, -0.49999917, 0, 1, 0, 0.49999917, 0, 0.86602587, 126.80084, 45.75, 149.97588)

[node name="Live Zone" type="Node3D" parent="."]
transform = Transform3D(1, 0, 0, 0, 1, 0, 0, 0, 1, 80, -18, 410.75)

[node name="BoxCollider" type="Area3D" parent="Live Zone"]

[node name="CollisionShape3D" type="CollisionShape3D" parent="Live Zone/BoxCollider"]
transform = Transform3D(1, 0, 0, 0, 1, 0, 0, 0, 1, 0, 100, 0)
shape = SubResource("BoxShape3D_lbpco")

[node name="Bowling Island 1 (2)" parent="." instance=ExtResource("6_doofy")]
transform = Transform3D(0.50000167, 0, 0.8660245, 0, 1, 0, -0.8660245, 0, 0.50000167, 162.5, 84, 91.5)

[node name="Bowling Island 1" parent="." instance=ExtResource("6_doofy")]
transform = Transform3D(0.8556992, 0, -0.5174735, 0, 1, 0, 0.5174735, 0, 0.8556992, 123.64, 48.25, 148.37)
visible = false

[node name="Ball Return Feature (1)" type="Node3D" parent="."]
transform = Transform3D(4, 0, 0, 0, 4, 0, 0, 0, 4, 28.494688, 15.364466, 174.61462)

[node name="Ball Return" parent="Ball Return Feature (1)" instance=ExtResource("8_qpk1b")]
transform = Transform3D(-0.25881612, 0.68301296, -0.68301356, 2.9802322e-08, 0.7071071, 0.7071065, 0.9659266, 0.18301053, -0.18301074, 0, 0, 0)

[node name="Ball Return Camera" type="Node3D" parent="Ball Return Feature (1)"]
transform = Transform3D(-0.7056453, 0.26183027, 0.6584145, 0.038144108, 0.9419117, -0.33368763, -0.7075378, -0.21035048, -0.67464286, -2.8688712, 1.7909188, 0.5353391)

[node name="World" type="Node3D" parent="."]

[node name="Bowling Volume" type="Node3D" parent="."]

[node name="Ball Return Feature (4)" parent="." instance=ExtResource("2_pqaur")]
transform = Transform3D(2.8284283, 0, -2.828426, 0, 4, 0, 2.828426, 0, 2.8284283, 178, 82.5, 51.75)

[node name="Directional Light" type="Node3D" parent="."]
transform = Transform3D(1, 0, 0, 0, 0.49999997, -0.86602545, 0, 0.86602545, 0.49999997, 0, 0, 0)

[node name="Light" type="DirectionalLight3D" parent="Directional Light"]
transform = Transform3D(-1, 0, -8.742278e-08, 0, 1, 0, 8.742278e-08, 0, -1, 0, 0, 0)
light_energy = 1.5
light_bake_mode = 0
shadow_enabled = true
shadow_bias = 0.05
shadow_normal_bias = 0.4

[node name="Visual Effect (Bowling Pins)" type="Node3D" parent="."]
transform = Transform3D(1, 0, 0, 0, 1, 0, 0, 0, 1, 0, 0, 100)

[node name="VisualEffect" type="Node" parent="Visual Effect (Bowling Pins)"]

[node name="VFXRenderer" type="Node" parent="Visual Effect (Bowling Pins)"]

[node name="Scene Contents" type="Node3D" parent="."]

[node name="Level Features" type="Node3D" parent="Scene Contents"]

[node name="Checkpoint" parent="Scene Contents/Level Features" instance=ExtResource("4_adloq")]
transform = Transform3D(-0.49999893, 0, 0.866026, 0, 1, 0, -0.866026, 0, -0.49999893, 11, 18.007181, 177.75)

[node name="Geometry" type="Node3D" parent="Scene Contents"]

[node name="Bowling Island 1" parent="Scene Contents/Geometry" instance=ExtResource("6_doofy")]
transform = Transform3D(1, 0, 0, 0, 1, 0, 0, 0, 1, -13.356764, -3.07, 41.075787)

[node name="Bowling Island 2" parent="Scene Contents/Geometry" instance=ExtResource("9_ey43s")]
transform = Transform3D(-0.25881934, 0, 0.96592575, 0, 1, 0, -0.96592575, 0, -0.25881934, -0.8150052, 0, -1.6427023)

[node name="Bowling Island 2 (1)" parent="Scene Contents/Geometry" instance=ExtResource("9_ey43s")]
transform = Transform3D(0.2588176, 0, 0.96592623, 0, 1, 0, -0.96592623, 0, 0.2588176, -7.4904246, -2, 85.367485)

[node name="Portal Planet" type="Node3D" parent="Scene Contents/Geometry"]
transform = Transform3D(-0.7432326, -0.6248616, -0.23906745, 2.9802319e-08, 0.35733274, -0.9339771, 0.6690331, -0.69416225, -0.2655813, 102.71374, -10.25, 260.5719)

[node name="Bowling Ball (Spinning)" parent="Scene Contents/Geometry/Portal Planet" instance=ExtResource("13_drhmw")]
transform = Transform3D(126.654816, -1.1247398e-05, 3.996589e-06, 1.1395869e-05, 126.55686, -4.9809656, -3.5511678e-06, 4.9809647, 126.55689, 0, 0, 0)

[node name="Rocket Root" type="RigidBody3D" parent="Scene Contents/Geometry/Portal Planet"]
transform = Transform3D(-0.25881937, 1.0813773e-15, -0.96592575, -1.0813773e-15, 1, 1.4092788e-15, 0.96592575, 1.4092789e-15, -0.25881937, 0, 0, 0)
gravity_scale = 0.0
freeze = true
freeze_mode = 1
continuous_cd = true
angular_damp = 0.05

[node name="Bowling Pin Red" parent="Scene Contents/Geometry/Portal Planet/Rocket Root" instance=ExtResource("14_n4jqo")]
transform = Transform3D(-7.5896714e-05, -100, 0, 100, -7.5896714e-05, 0, 0, 0, 100, 0, 0, 90)

[node name="Bowling Ball (Spinning) (3)" parent="Scene Contents/Geometry" instance=ExtResource("13_drhmw")]
transform = Transform3D(10.343389, 80.21674, -97.46663, 119.69477, -37.294773, -17.991972, -40.095207, -90.64118, -78.854324, -111.75, 217, 146.75)

[node name="Bowling Ball (Spinning)" parent="Scene Contents/Geometry" instance=ExtResource("13_drhmw")]
transform = Transform3D(27, 0, 0, 0, 27, 0, 0, 0, 27, -20.317715, -8.03, 154.55)

[node name="Planet with Pins" type="Node3D" parent="Scene Contents/Geometry"]
transform = Transform3D(0.9751494, 0.20782723, -0.07675674, -0.20430654, 0.9775637, 0.051265053, 0.08568887, -0.03430918, 0.995731, -265.3, -30.3, 124.6)

[node name="Bowling Ball (Spinning)" parent="Scene Contents/Geometry/Planet with Pins" instance=ExtResource("13_drhmw")]
transform = Transform3D(38.414368, 104.93304, -84.970314, 21.964888, 82.30898, 111.57655, 133.22327, -43.827503, 6.104893, 0, 0, 0)

[node name="Bowling Pin Ring" type="Node3D" parent="Scene Contents/Geometry/Planet with Pins"]
transform = Transform3D(0.019618917, -0.9998037, -0.0027710097, 0.29829633, 0.00849867, -0.95443547, 0.9542717, 0.01789841, 0.29840448, 0, 0, 0)

[node name="VisualEffect" type="Node" parent="Scene Contents/Geometry/Planet with Pins/Bowling Pin Ring"]

[node name="VFXRenderer" type="Node" parent="Scene Contents/Geometry/Planet with Pins/Bowling Pin Ring"]

[node name="Bowling Pin Ring (1)" type="Node3D" parent="Scene Contents/Geometry/Planet with Pins"]
transform = Transform3D(0.01456403, -0.9998037, -0.013433952, -0.29724735, 0.008498786, -0.9547627, 0.9546895, 0.017898398, -0.29706523, 0, 0, 0)

[node name="VisualEffect" type="Node" parent="Scene Contents/Geometry/Planet with Pins/Bowling Pin Ring (1)"]

[node name="VFXRenderer" type="Node" parent="Scene Contents/Geometry/Planet with Pins/Bowling Pin Ring (1)"]

[node name="Root" type="Node3D" parent="Scene Contents/Geometry/Planet with Pins"]
transform = Transform3D(0.9999569, -0.00886193, -0.0027708777, 4.6566112e-10, 0.29842463, -0.9544332, 0.009285019, 0.9543921, 0.29841176, 0, 0, 0)

[node name="Bowling Ball (Spinning)" parent="Scene Contents/Geometry/Planet with Pins/Root" instance=ExtResource("13_drhmw")]
transform = Transform3D(15.736504, -28.016872, 23.820522, -28.66292, 6.887944, 27.036886, -23.039085, -27.705795, -17.366331, 550.7, -25.70001, -1.1444092e-05)

[node name="Root (1)" type="Node3D" parent="Scene Contents/Geometry/Planet with Pins"]
transform = Transform3D(-0.30573133, 0.95211387, -0.002770996, -0.28331557, -0.09375262, -0.9544332, -0.90898883, -0.29101506, 0.29841176, 0, 0, 0)

[node name="Bowling Pin" parent="Scene Contents/Geometry/Planet with Pins/Root (1)" instance=ExtResource("15_x8365")]
transform = Transform3D(60, 0, 0, 0, 60, 0, 0, 0, 60, 1456, -26, 0)

[node name="SphereCollider" type="StaticBody3D" parent="Scene Contents/Geometry/Planet with Pins/Root (1)/Bowling Pin"]

[node name="CollisionShape3D" type="CollisionShape3D" parent="Scene Contents/Geometry/Planet with Pins/Root (1)/Bowling Pin/SphereCollider"]
transform = Transform3D(1, 0, 0, 0, 1, 0, 0, 0, 1, 1.8924475e-06, -2.3543835e-06, -5.066395e-07)
shape = SubResource("SphereShape3D_7kc5v")

[node name="Root (2)" type="Node3D" parent="Scene Contents/Geometry/Planet with Pins"]
transform = Transform3D(-18.341202, -57.127686, -0.16626272, 17.096195, -5.322175, -57.266, 54.50982, -17.552828, 17.904686, -469.89975, -410.07004, -1315.9213)

[node name="PositionConstraint" type="Node" parent="Scene Contents/Geometry/Planet with Pins/Root (2)"]

[node name="Bowling Pin" parent="Scene Contents/Geometry/Planet with Pins/Root (2)" instance=ExtResource("15_x8365")]
transform = Transform3D(0.50506, 0, 0, 0, 0.50506, 0, 0, 0, 0.50506, 0, 4.03, 0)

[node name="SphereCollider" type="StaticBody3D" parent="Scene Contents/Geometry/Planet with Pins/Root (2)/Bowling Pin"]

[node name="CollisionShape3D" type="CollisionShape3D" parent="Scene Contents/Geometry/Planet with Pins/Root (2)/Bowling Pin/SphereCollider"]
transform = Transform3D(1, 0, 0, 0, 1, 0, 0, 0, 1, -3.8295984e-06, 3.8444996e-06, 1.8775463e-06)
shape = SubResource("SphereShape3D_dtv5i")

[node name="Bowling Pin Red (2)" parent="Scene Contents/Geometry" instance=ExtResource("14_n4jqo")]
transform = Transform3D(24.051556, -3.6660305e-07, -6.4445853, -3.7597954e-06, -24.9, -1.2615322e-05, -6.4445853, 1.3158571e-05, -24.051556, -8.43, -10.71, 95.97)

[node name="GameObject" type="Node3D" parent="Scene Contents/Geometry"]
transform = Transform3D(15.890376, 37.196087, -19.813147, 7.36, -23.298632, -37.836727, -41.49625, 10.1113205, -14.298079, 0.89, -9.14, 127.53)

[node name="Bowling Pin" parent="Scene Contents/Geometry/GameObject" instance=ExtResource("15_x8365")]
transform = Transform3D(1, 0, 0, 0, 1, 0, 0, 0, 1, 3.8472524e-05, 0.35253403, -3.0123083e-05)

[node name="Bowling Pin (1)" parent="Scene Contents/Geometry" instance=ExtResource("15_x8365")]
transform = Transform3D(27.296463, 12.710521, 0, -12.710521, 27.296463, 0, 0, 0, 30.110704, -31.43, 13.75, 19.32)

[node name="Bowling Ball (Spinning)2" parent="Scene Contents/Geometry" instance=ExtResource("13_drhmw")]
transform = Transform3D(8, 0, 0, 0, 8, 0, 0, 0, 8, -10.383237, -5.08, 53)

[node name="Bowling Ball (Spinning)3" parent="Scene Contents/Geometry" instance=ExtResource("13_drhmw")]
transform = Transform3D(-14.454068, -57.87336, -24.82933, -42.669674, 27.736086, -39.808895, 46.315445, 7.491757, -44.424004, 73, -19.6, 25.5)

[node name="Bowling Ball (Spinning) (4)" parent="Scene Contents/Geometry" instance=ExtResource("13_drhmw")]
transform = Transform3D(-26.77884, -78.05989, 77.296104, -65.91427, -52.22957, -75.581215, 87.88257, -62.959324, -33.134903, 303, 164.25, 169)

[node name="Bowling Ball (Spinning)4" parent="Scene Contents/Geometry" instance=ExtResource("13_drhmw")]
transform = Transform3D(-48.54125, 35.435383, 40.62179, -12.951543, 45.39645, -55.07694, -52.326416, -44.10835, -24.050974, -48, 72.9, 293.3)

[node name="Bowling Ball (Spinning) (1)" parent="Scene Contents/Geometry" instance=ExtResource("13_drhmw")]
transform = Transform3D(8, 0, 0, 0, 8, 0, 0, 0, 8, -9.536029, -4.58, 63)

[node name="Bowling Ball (Spinning) (2)" parent="Scene Contents/Geometry" instance=ExtResource("13_drhmw")]
transform = Transform3D(8, 0, 0, 0, 8, 0, 0, 0, 8, -8.57, -4.08, 73)

[node name="Bowling Pin (4)" parent="Scene Contents/Geometry" instance=ExtResource("15_x8365")]
transform = Transform3D(-19.147697, -8.916069, 21.459824, -12.710518, 27.296469, 1.4353096e-06, -19.45412, -9.058753, -21.121807, -29.898193, -8.09, -7.5683274)

[node name="Bowling Pin Red (1)" parent="Scene Contents/Geometry" instance=ExtResource("14_n4jqo")]
transform = Transform3D(-11.580551, -5.392444, -27.266586, -12.710524, 27.296467, 5.339585e-06, 24.718174, 11.509948, -12.774488, -43.07641, -1.67, -5.36139)

[node name="Bowling Pin (5)" parent="Scene Contents/Geometry" instance=ExtResource("15_x8365")]
transform = Transform3D(-121.95037, 13.977737, -48.607197, 4.876211, 129.53885, 25.016953, 50.34141, 21.313099, -120.1725, 36.71163, -12.918449, -56.253338)

[node name="Bowling Pin (6)" parent="Scene Contents/Geometry" instance=ExtResource("15_x8365")]
transform = Transform3D(125.57583, -70.63048, 0, 70.63048, 125.57583, 0, 0, 0, 144.0762, 89, 70.5, 77.5)

[node name="Bowling Pin (24)" parent="Scene Contents/Geometry" instance=ExtResource("15_x8365")]
transform = Transform3D(-232.84239, 31.693039, -91.38491, 8.752254, 244.14061, 62.369835, 96.32782, 54.425632, -226.56133, 247, 50, 39)

[node name="Bowling Pin (25)" parent="Scene Contents/Geometry" instance=ExtResource("15_x8365")]
transform = Transform3D(153.48276, -54.659912, 192.42288, 8.752259, 244.14061, 62.369827, -199.84413, -31.287245, 150.51466, 271.5, 134.25, -56.25)

[node name="Bowling Pin (7)" parent="Scene Contents/Geometry" instance=ExtResource("15_x8365")]
transform = Transform3D(0.6964338, -0.117980465, 8.790793, 5.9457903, 6.502095, -0.38377997, -6.476072, 5.956996, 0.593003, -25.345753, -2.2179022, -16.359638)

[node name="Bowling Pin (8)" parent="Scene Contents/Geometry" instance=ExtResource("15_x8365")]
transform = Transform3D(-8.625283, -1.5741279, 0.9505635, 1.8229661, -7.917944, 3.4292715, 0.24133883, 3.5503843, 8.069292, -22.06, -6.85, -17.16)

[node name="Bowling Pin (9)" parent="Scene Contents/Geometry" instance=ExtResource("15_x8365")]
transform = Transform3D(2.4944222, -2.8302011, -7.9714966, 6.799489, 5.614791, 0.1342047, 5.032071, -6.1839333, 3.7701685, -54.58, 5.6, -16.24)

[node name="Bowling Pin (10)" parent="Scene Contents/Geometry" instance=ExtResource("15_x8365")]
transform = Transform3D(-81.71868, -38.304817, -28.077682, -1.6516052, 58.136234, -74.5051, 47.46459, -63.92557, -50.933212, -99.8, 4.2, -33.2)

[node name="Bowling Pin (11)" parent="Scene Contents/Geometry" instance=ExtResource("15_x8365")]
transform = Transform3D(12.847046, -27.23248, 1.1903694e-06, 0, -1.3161807e-06, -30.110704, 27.232483, 12.847044, -5.6156216e-07, -25.474197, 1.1199999, 171.79968)

[node name="Bowling Pin (12)" parent="Scene Contents/Geometry" instance=ExtResource("15_x8365")]
transform = Transform3D(25.721823, -2.515384e-06, 15.653831, -4.5465904e-06, -30.110704, 2.6323653e-06, 15.653831, -4.6123387e-06, -25.721823, -37.071693, -6.44, 183.89313)

[node name="Bowling Pin Red" parent="Scene Contents/Geometry" instance=ExtResource("14_n4jqo")]
transform = Transform3D(-3.0848722, 0.49432778, 29.94818, 4.026381, 29.84019, -0.0777997, -29.680403, 3.9966788, -3.1232586, -26.582445, 0.57870436, 182.69096)

[node name="Bowling Pin (13)" parent="Scene Contents/Geometry" instance=ExtResource("15_x8365")]
transform = Transform3D(20.720217, -2.0262678e-06, 12.609944, -3.662506e-06, -24.255678, 2.1205021e-06, 12.609944, -3.7154696e-06, -20.720217, -33.16381, -2.84, 189.45544)

[node name="Bowling Pin (14)" parent="Scene Contents/Geometry" instance=ExtResource("15_x8365")]
transform = Transform3D(17.991903, -1.7594609e-06, 10.949543, -3.1802495e-06, -21.061836, 1.8412873e-06, 10.949543, -3.2262387e-06, -17.991903, -27.32541, -0.5999999, 191.28777)

[node name="Bowling Pin (15)" parent="Scene Contents/Geometry" instance=ExtResource("15_x8365")]
transform = Transform3D(15.94573, -1.5593622e-06, 9.704279, -2.8185677e-06, -18.66653, 1.6318824e-06, 9.704279, -2.8593274e-06, -15.94573, -21.4328, 1.75, 188.58769)

[node name="Bowling Ball (Spinning)5" parent="Scene Contents/Geometry" instance=ExtResource("13_drhmw")]
transform = Transform3D(-18.313585, 5.0957775, -37.90519, -17.149809, 36.47055, 13.188697, 34.185593, 21.025959, -13.689868, -59.6, 40.7, -70.6)

[node name="Bowling Ball (Spinning) (5)" parent="Scene Contents/Geometry" instance=ExtResource("13_drhmw")]
transform = Transform3D(-89.528984, -34.476482, 45.104572, -51.96438, 83.68516, -39.178932, -22.863802, -55.196556, -87.57325, 238.23665, 52.695114, 273.99796)

[node name="Bowling Ball (Spinning) (6)" parent="Scene Contents/Geometry" instance=ExtResource("13_drhmw")]
transform = Transform3D(160.37074, -64.346985, 122.86027, 130.23933, 134.4352, -99.59346, -47.67492, 150.79993, 141.21063, 449.25, -27.25, 22.25)

[node name="Bowling Pin Red (3)" parent="Scene Contents/Geometry" instance=ExtResource("14_n4jqo")]
transform = Transform3D(-117.8619, -38.15277, -45.638535, -11.100366, 113.61788, -66.31515, 58.44049, -55.364998, -104.639206, 97.96197, 65.15195, -28.578745)

[node name="Bowling Pin (16)" parent="Scene Contents/Geometry" instance=ExtResource("15_x8365")]
transform = Transform3D(-60.00391, 75.47304, 90.18475, 57.995678, 107.06915, -51.016033, -102.30333, 16.430265, -81.81696, -65.56617, 161.8093, 26.70935)

[node name="Bowling Pin (17)" parent="Scene Contents/Geometry" instance=ExtResource("15_x8365")]
transform = Transform3D(-112.71382, 32.08574, -60.795063, 57.995693, 107.069145, -51.016033, 36.905746, -70.26124, -105.5048, 20.4, 219.8, 104)

[node name="Bowling Ball (Spinning)6" parent="Scene Contents/Geometry" instance=ExtResource("13_drhmw")]
transform = Transform3D(84.521255, -53.55979, 35.320545, 55.474495, 31.66336, -84.735146, 32.229973, 85.95824, 53.220737, 70, 85.3, -145.8)

[node name="Bowling Pin (2)" parent="Scene Contents/Geometry" instance=ExtResource("15_x8365")]
transform = Transform3D(19.577364, 0, 0, 0, 18.922235, -5.022169, 0, 5.022169, 18.922235, -3.05, 0.92, 18.61)

[node name="Bowling Pin" parent="Scene Contents/Geometry/Bowling Pin (2)" instance=ExtResource("14_n4jqo")]
transform = Transform3D(-0.8466726, 1.4901161e-08, 0.53211427, -0.1971181, 0.9288551, -0.31364414, -0.49425703, -0.37044325, -0.7864362, -0.016, 0.775, -0.141)

[node name="Bowling Pin (3)" parent="Scene Contents/Geometry" instance=ExtResource("15_x8365")]
transform = Transform3D(23.232382, 18.712967, -7.0458126, 8.988661, -19.422005, -21.94429, -17.861204, 14.566151, -20.20809, 10.99, -4.54, 20.66)

[node name="Bowling Pin" parent="Scene Contents/Geometry" instance=ExtResource("15_x8365")]
transform = Transform3D(3.0752242, -15.786962, 25.324196, -23.39952, -17.075472, -7.8032503, 18.520405, -18.952576, -14.063945, -18.802406, -0.18960547, 4.1049833)

[node name="Bowling Pin (18)" parent="Scene Contents/Geometry" instance=ExtResource("15_x8365")]
transform = Transform3D(-7.9160795, 14.020572, -25.313223, -18.21113, -22.80829, -6.938055, -22.487562, 13.53534, 14.529423, 8.25, -6.28, 46.25)

[node name="Bowling Pin (19)" parent="Scene Contents/Geometry" instance=ExtResource("15_x8365")]
transform = Transform3D(12.450039, -19.28594, 9.646711, 1.6819533e-06, -11.139074, -22.269508, 21.564009, 11.13479, -5.569554, -18.42, -5.31, 108.6)

[node name="Bowling Pin (20)" parent="Scene Contents/Geometry" instance=ExtResource("15_x8365")]
transform = Transform3D(4.572969, 13.918111, -20.134151, -2.455859, -20.118273, -14.464918, -24.352955, 4.642342, -2.322061, 4.73, -13.9, 111.88)

[node name="Bowling Pin (21)" parent="Scene Contents/Geometry" instance=ExtResource("15_x8365")]
transform = Transform3D(1.4645741, -19.366184, 15.582557, 2.9308934, -15.366151, -19.372696, 24.683502, 2.9736366, 1.3757163, -23.64, -15.81037, 124.97)

[node name="Bowling Pin (22)" parent="Scene Contents/Geometry" instance=ExtResource("15_x8365")]
transform = Transform3D(73.309746, 13.799831, -71.458374, -41.026638, 91.6112, -24.397902, 60.11279, 45.694725, 70.49467, 48.623672, -3.226532, 430.1925)

[node name="Bowling Pin (23)" parent="Scene Contents/Geometry" instance=ExtResource("15_x8365")]
transform = Transform3D(15.471068, 67.07272, 77.02566, 39.481865, -75.7757, 58.054123, 94.195984, 20.74483, -36.984108, -0.7, 47.405148, 401.5)

[node name="Bowling Island 3" parent="Scene Contents/Geometry" instance=ExtResource("16_bfwhg")]

[node name="Bowling Island 3 (1)" parent="Scene Contents/Geometry" instance=ExtResource("16_bfwhg")]
transform = Transform3D(-2.3841858e-07, 0, -1, 0, 1, 0, 1, 0, -2.3841858e-07, -20.735874, 5.1399994, 138.38416)

[node name="Bowling Island 3 (2)" parent="Scene Contents/Geometry" instance=ExtResource("16_bfwhg")]
transform = Transform3D(0.25881946, 0, 0.96592575, 0, 1, 0, -0.96592575, 0, 0.25881946, -24.908787, 16.67, 55.905075)

[node name="Bowling Island 4" parent="Scene Contents/Geometry" instance=ExtResource("6_doofy")]
transform = Transform3D(0.50000083, 0, 0.8660249, 0, 1, 0, -0.8660249, 0, 0.50000083, -13.306897, 8.9, 190.36131)

[node name="Bowling Island 3 (3)" parent="Scene Contents/Geometry" instance=ExtResource("16_bfwhg")]
transform = Transform3D(0.70710576, 0, -0.7071078, 0, 1, 0, 0.7071078, 0, 0.70710576, -3.1857789, 0.0071821213, -16.877304)

[node name="Bowling Island 5" parent="Scene Contents/Geometry" instance=ExtResource("9_ey43s")]
transform = Transform3D(0.48296294, 0, -0.12940927, 0, 0.5, 0, 0.12940927, 0, 0.48296294, 20.033295, 14, -28.48924)

[node name="Bowling Pin2" parent="Scene Contents/Geometry" instance=ExtResource("15_x8365")]
transform = Transform3D(30, 0, 0, 0, -30, 3.4868714e-05, 0, -3.4868714e-05, -30, 13.195881, 3.0134013, -27.85536)

[node name="Bowling Pin (3)2" parent="Scene Contents/Geometry" instance=ExtResource("15_x8365")]
transform = Transform3D(18.195047, 9.36536, -21.936964, -7.3568163, 28.449112, 6.043615, 22.68959, 1.7140782, 19.551071, 22.184464, 11.5905485, -16.403913)

[node name="Bowling Pin (1)2" parent="Scene Contents/Geometry" instance=ExtResource("15_x8365")]
transform = Transform3D(30, 0, 0, 0, -30, 3.4868714e-05, 0, -3.4868714e-05, -30, 5.695881, 0.0134038925, -30.105364)

[node name="Bowling Pin (2)2" parent="Scene Contents/Geometry" instance=ExtResource("15_x8365")]
transform = Transform3D(30, 0, 0, 0, -30, 3.4868714e-05, 0, -3.4868714e-05, -30, -2.554119, -3.9865987, -27.855368)

[node name="UFO" parent="Scene Contents/Geometry" instance=ExtResource("17_l62jf")]
transform = Transform3D(-0.11001229, 0, -0.9939303, 0, 1, 0, 0.9939303, 0, -0.11001229, 4, 29.25, 182.5)

[node name="UFO (1)" parent="Scene Contents/Geometry" instance=ExtResource("17_l62jf")]
transform = Transform3D(-0.99705684, 0, 0.076664686, 0, 1, 0, -0.076664686, 0, -0.99705684, 39.178516, 32.75, 169.59517)

[node name="UFO (2)" parent="Scene Contents/Geometry" instance=ExtResource("17_l62jf")]
transform = Transform3D(0.29422307, 0, -0.95573676, 0, 1, 0, 0.95573676, 0, 0.29422307, 52.083157, 35.25, 153.86198)

[node name="Bowling Island 2 (1)2" parent="Scene Contents/Geometry" instance=ExtResource("9_ey43s")]
transform = Transform3D(1, 0, 0, 0, 1, 0, 0, 0, 1, 3, 8.907181, 182.5)

[node name="Bowling Pin3" parent="Scene Contents/Geometry" instance=ExtResource("15_x8365")]
transform = Transform3D(-3.2661545, 18.18872, -23.632664, -25.711082, -13.762211, -7.0385895, -15.108688, 19.48774, 17.086706, 91.75, 16.36, 164.5)

[node name="Bowling Pin (2)3" parent="Scene Contents/Geometry" instance=ExtResource("15_x8365")]
transform = Transform3D(48.275143, -11.871786, -5.345228, -5.438379, 0.26394963, -49.70266, 11.829405, 48.569447, -1.0364212, 76.91952, 41, 185.07388)

[node name="Bowling Pin (1)3" parent="Scene Contents/Geometry" instance=ExtResource("15_x8365")]
transform = Transform3D(-13.518423, 6.1399245, 47.744667, -41.6859, -26.293772, -8.421586, 24.073593, -42.08252, 12.227973, 85.08333, 15.333334, 114.41333)

[node name="UFO2" parent="Scene Contents/Geometry" instance=ExtResource("17_l62jf")]
transform = Transform3D(2.1457672e-06, 0, -1, 0, 1, 0, 1, 0, 2.1457672e-06, 110.07, 59.25, 147.29)

[node name="Bowling Island 6" parent="Scene Contents/Geometry" instance=ExtResource("9_ey43s")]
transform = Transform3D(0.97115, 0, -0.23846965, 0, 1, 0, 0.23846965, 0, 0.97115, 65.75, 19.805538, 153.25)

[node name="Bowling Island 7" parent="Scene Contents/Geometry" instance=ExtResource("16_bfwhg")]
transform = Transform3D(0.7071068, 0, 0.70710677, 0, 1, 0, -0.70710677, 0, 0.7071068, 14.5, 18, 174.75)

[node name="Bowling Island 2" parent="." instance=ExtResource("9_ey43s")]
transform = Transform3D(5.9604645e-08, 0, 1, 0, 1, 0, -1, 0, 5.9604645e-08, 167.25, 84.00718, 17.75)

[node name="Camera3D" type="Camera3D" parent="."]
transform = Transform3D(1, 0, 0, 0, 1, 0, 0, 0, 1, -3.0272927, 0, 0)
current = true
